Total Sum for i 0: tensor([[[150.6592, 150.6629, 146.9686, 141.6074, 152.4498, 152.1698, 147.6453,
          146.5270, 156.1445, 149.4957, 151.8904, 149.2059, 155.5438, 154.9064,
          141.5380, 157.7928, 147.0079, 152.1269, 146.9600, 154.4841, 142.3532,
          141.6379, 150.8240, 153.0460, 144.7417, 144.0965, 147.2578, 152.9772,
          154.1143, 143.1648]]], device='cuda:0')
Total Sum for i 1: tensor([[[152.0823, 147.6445, 148.4293, 143.2907, 149.5345, 149.7981, 149.7895,
          142.4707, 155.4305, 153.0041, 150.6257, 148.8711, 154.9545, 152.3104,
          145.7250, 159.2161, 147.4741, 150.7572, 144.4036, 153.7493, 147.7686,
          140.3373, 151.7978, 154.2989, 141.2145, 143.8622, 146.4709, 152.0351,
          156.5730, 146.0804]]], device='cuda:0')
Total Sum for i 2: tensor([[[147.9631, 148.8971, 151.8077, 143.3961, 151.3552, 150.5735, 147.1650,
          147.8513, 154.6887, 147.6360, 152.0447, 150.5087, 156.5534, 154.9679,
          150.3255, 159.3536, 147.5993, 148.7623, 144.4603, 155.5716, 144.0861,
          143.0010, 147.8005, 155.6925, 144.2310, 137.1043, 148.4018, 150.3761,
          153.9113, 143.9146]]], device='cuda:0')
Total Sum for i 3: tensor([[[152.3073, 155.4526, 149.3650, 143.8623, 149.3653, 148.1044, 149.7624,
          141.8127, 154.9825, 149.5065, 148.3836, 151.3787, 152.4499, 153.9384,
          143.2846, 160.0932, 152.5332, 149.4331, 145.8758, 153.4701, 148.5854,
          141.3302, 148.8335, 155.2608, 141.4405, 143.0398, 146.2644, 147.9032,
          152.8207, 149.1599]]], device='cuda:0')
Total Sum for i 4: tensor([[[148.7944, 148.3224, 147.4264, 142.3063, 153.1892, 153.3469, 146.8706,
          146.0352, 155.4195, 145.4053, 152.7999, 151.3345, 154.4757, 155.0495,
          149.8240, 158.2291, 148.3794, 150.3775, 146.6813, 156.5729, 146.4017,
          141.6414, 145.0262, 155.1102, 147.3368, 137.0719, 146.4226, 151.8879,
          153.6349, 144.6266]]], device='cuda:0')
Total Sum for i 5: tensor([[[146.1776, 148.9599, 148.2505, 140.9146, 152.4866, 151.5601, 149.0318,
          146.3441, 154.3981, 146.2233, 154.0988, 150.7733, 155.8072, 158.3323,
          148.7214, 161.1846, 147.3319, 150.7283, 149.0643, 155.6901, 144.9258,
          140.1534, 146.8241, 152.9360, 144.6991, 136.0224, 147.7874, 149.0649,
          155.1388, 146.3695]]], device='cuda:0')
Total Sum for i 6: tensor([[[148.4396, 145.8545, 149.6557, 140.8553, 152.0043, 151.5005, 150.1322,
          146.2890, 157.2452, 147.9144, 151.5629, 150.8318, 154.6873, 156.0434,
          148.5237, 157.9489, 148.5556, 148.9158, 146.2714, 155.4455, 144.3938,
          142.3015, 148.0520, 157.1312, 147.9435, 138.0129, 146.6396, 146.8650,
          154.6521, 145.3313]]], device='cuda:0')
Total Sum for i 7: tensor([[[147.5182, 152.8802, 145.5173, 141.8468, 154.3274, 149.0959, 146.6927,
          146.3346, 153.9339, 145.7215, 153.6943, 148.0252, 153.2278, 158.5542,
          147.5759, 157.5309, 150.9978, 149.7633, 143.2784, 154.2394, 150.1454,
          142.9495, 149.0816, 154.6551, 145.6089, 137.1739, 148.6901, 151.0209,
          154.7800, 145.1389]]], device='cuda:0')
Total Sum for i 8: tensor([[[150.5973, 152.4540, 147.4522, 141.1908, 149.7904, 150.3546, 147.7707,
          141.3893, 153.0791, 150.9335, 152.1116, 146.2884, 152.2797, 154.2122,
          149.1582, 160.1507, 145.8822, 150.2495, 145.9441, 157.2261, 146.7216,
          141.4469, 148.2830, 158.6218, 142.9087, 140.5844, 148.8779, 154.5907,
          153.2775, 146.1726]]], device='cuda:0')
Total Sum for i 9: tensor([[[148.2670, 153.6758, 146.0768, 143.8984, 153.9524, 149.3907, 146.7319,
          146.6996, 151.0891, 147.0735, 153.3285, 147.7965, 155.3797, 158.1413,
          149.0231, 156.7530, 148.0591, 151.1036, 144.0663, 154.8799, 148.1863,
          140.5420, 146.7110, 157.1707, 146.0782, 135.8949, 148.8839, 151.9742,
          155.2292, 143.9436]]], device='cuda:0')
Total Sum for i 10: tensor([[[151.7404, 150.6626, 147.5460, 141.6379, 152.3103, 153.4855, 151.8058,
          148.0473, 156.1402, 147.8487, 153.4857, 151.2169, 153.8485, 157.8216,
          145.9684, 156.7835, 143.4657, 148.5245, 146.1692, 156.9345, 144.5573,
          139.3725, 147.7836, 155.7321, 142.9625, 134.1860, 150.1499, 151.8800,
          153.6432, 144.2899]]], device='cuda:0')
Total Sum for i 11: tensor([[[149.1527, 154.1056, 145.0645, 140.4672, 154.2028, 150.7871, 148.8142,
          143.5687, 151.9864, 146.0333, 151.0317, 150.9343, 154.7882, 154.4101,
          148.9411, 159.3560, 147.5855, 149.8305, 145.6004, 157.8098, 147.2371,
          141.5148, 143.9414, 159.4825, 146.5495, 135.9790, 146.3815, 152.9853,
          154.8904, 146.5685]]], device='cuda:0')
Total Sum for i 12: tensor([[[150.8167, 150.8409, 144.7971, 140.3823, 152.0048, 152.2993, 151.2596,
          143.6008, 154.3699, 148.5632, 151.3281, 149.2812, 155.6541, 154.4630,
          149.8509, 159.1607, 148.3989, 150.4469, 144.2627, 155.4950, 147.6642,
          139.5768, 147.0348, 156.9384, 143.4542, 138.2473, 150.0502, 152.6529,
          152.1356, 144.9698]]], device='cuda:0')
Total Sum for i 13: tensor([[[151.5830, 153.1656, 144.0260, 141.7902, 153.5963, 150.2914, 149.6369,
          145.8614, 154.4748, 150.1031, 152.3017, 150.2512, 154.2668, 154.9455,
          145.7910, 158.1250, 148.6909, 149.2396, 145.0691, 153.0981, 147.1880,
          137.9435, 148.0517, 157.6953, 142.9345, 141.7504, 145.2997, 150.5754,
          155.7893, 146.4645]]], device='cuda:0')
Total Sum for i 14: tensor([[[151.8805, 150.3788, 145.2499, 140.7874, 152.9182, 152.0036, 149.5978,
          145.8573, 155.5214, 148.5643, 150.3915, 150.3839, 156.1647, 153.6926,
          149.6040, 158.6357, 150.0467, 146.8760, 145.6230, 156.3844, 143.4784,
          140.1932, 147.2136, 160.6761, 146.0724, 135.5731, 146.2540, 151.9232,
          153.0085, 145.0458]]], device='cuda:0')
Total Sum for i 15: tensor([[[152.4164, 147.5089, 147.2297, 142.8071, 152.3955, 152.2477, 150.0232,
          142.9022, 153.2829, 152.2025, 151.8699, 148.9789, 156.6804, 150.4611,
          147.0149, 158.5190, 146.6367, 150.8106, 145.1087, 155.1350, 147.1944,
          140.9485, 150.0062, 156.8112, 141.8696, 141.3346, 148.1159, 149.3029,
          153.4050, 146.7803]]], device='cuda:0')
Total Sum for i 16: tensor([[[147.7749, 147.5353, 149.3440, 140.7220, 151.2980, 151.9708, 148.1483,
          146.1012, 154.6249, 150.3696, 153.1531, 151.5206, 157.3648, 152.8816,
          149.0936, 158.5393, 149.0659, 148.1323, 144.6008, 154.6326, 146.3930,
          142.6180, 147.2051, 155.5230, 146.8504, 139.5824, 146.8657, 149.2603,
          153.0773, 145.7511]]], device='cuda:0')
Total Sum for i 17: tensor([[[150.2459, 153.5423, 144.7375, 141.0657, 152.0160, 152.9531, 148.0916,
          145.3211, 150.7645, 146.0063, 149.8856, 151.6324, 155.8850, 157.0687,
          150.3621, 156.2318, 150.9215, 150.2952, 149.8073, 158.0557, 145.5264,
          143.8850, 145.8632, 154.0233, 143.9602, 138.5667, 142.2264, 149.1985,
          157.4863, 144.3748]]], device='cuda:0')
Total Sum for i 18: tensor([[[149.6866, 146.2469, 148.7560, 143.2085, 151.8830, 149.6149, 145.8053,
          143.1828, 150.6825, 145.9275, 151.5561, 152.6555, 152.6625, 153.8271,
          149.5421, 159.3719, 146.6576, 146.6685, 148.9151, 157.4736, 147.9171,
          144.0414, 144.0499, 158.6958, 146.5978, 139.5180, 146.2236, 150.6083,
          157.9899, 150.0339]]], device='cuda:0')
Total Sum for i 19: tensor([[[151.9097, 158.7111, 145.7028, 140.5520, 152.4907, 151.4018, 149.2544,
          142.5937, 157.2455, 151.3026, 151.0715, 153.7316, 156.0265, 152.6806,
          146.3218, 163.3702, 147.2927, 149.3309, 145.3226, 157.2039, 144.6578,
          137.4318, 145.5241, 152.7699, 140.5773, 138.5359, 147.8542, 149.7060,
          153.7461, 145.6802]]], device='cuda:0')
Total Sum for i 20: tensor([[[152.2212, 148.8799, 146.1578, 143.7416, 152.0310, 149.9873, 148.6028,
          145.2220, 154.0394, 150.9232, 152.4329, 147.8960, 155.1407, 155.4946,
          144.2695, 157.2324, 149.3978, 149.7989, 144.5207, 156.5606, 147.1647,
          141.9813, 148.6469, 155.2611, 142.5787, 142.3017, 147.4194, 150.9777,
          154.2728, 144.8457]]], device='cuda:0')
Total Sum for i 21: tensor([[[152.3095, 150.4419, 144.4144, 142.5337, 154.0287, 153.7895, 147.5486,
          146.8835, 154.2730, 146.2750, 151.0565, 148.8665, 152.5166, 153.5616,
          149.5112, 155.9004, 146.8006, 150.1416, 146.0367, 153.4869, 150.1280,
          141.5847, 148.7679, 159.1236, 146.5978, 137.2726, 143.3570, 151.0839,
          155.1636, 146.5445]]], device='cuda:0')
Total Sum for i 22: tensor([[[154.2773, 147.7906, 150.9360, 143.3332, 152.0244, 148.7942, 149.8712,
          142.0271, 153.8301, 151.9386, 151.5673, 150.3734, 153.8216, 150.0533,
          144.7534, 156.1607, 145.3437, 149.6280, 144.3314, 153.2941, 147.3800,
          143.1637, 153.2245, 158.0251, 140.0858, 143.4120, 149.7034, 152.7452,
          153.7874, 144.3232]]], device='cuda:0')
Total Sum for i 23: tensor([[[151.3394, 147.6602, 149.7343, 142.4160, 152.6321, 149.8206, 146.5161,
          142.3543, 155.1885, 154.9211, 150.4078, 145.5000, 155.1964, 155.7994,
          143.3204, 157.8693, 143.2477, 151.8793, 143.8748, 154.2916, 146.3944,
          142.3101, 151.8863, 155.0872, 142.1810, 143.7267, 150.2622, 156.1868,
          153.1424, 144.8538]]], device='cuda:0')
Total Sum for i 24: tensor([[[150.2420, 152.3377, 147.8161, 143.1401, 150.5626, 149.1690, 148.3362,
          146.3545, 154.9521, 150.0955, 151.4571, 150.6088, 154.8945, 153.5405,
          144.2105, 163.5414, 150.8253, 148.0639, 148.0958, 152.8987, 146.0295,
          140.7395, 148.9350, 154.0577, 142.5998, 140.8590, 147.5109, 146.1018,
          155.0161, 147.0084]]], device='cuda:0')
Total Sum for i 25: tensor([[[150.6172, 154.3707, 153.6176, 146.1675, 144.9447, 149.3835, 148.4726,
          144.1638, 151.6843, 149.4713, 148.7458, 148.5649, 158.8750, 153.1838,
          147.8917, 159.2431, 147.4531, 150.3256, 146.2063, 153.7664, 146.0588,
          143.5682, 151.5618, 150.5440, 141.9556, 147.0213, 148.4301, 150.5345,
          148.7059, 144.4708]]], device='cuda:0')
Total Sum for i 26: tensor([[[146.5548, 148.8236, 149.2347, 142.0477, 151.1673, 153.9944, 148.5119,
          148.6536, 155.7424, 146.8481, 151.6685, 150.7619, 153.3593, 157.4225,
          149.4018, 159.1895, 148.1353, 149.6094, 146.2255, 157.2453, 144.6702,
          141.1340, 148.3869, 154.6944, 146.3434, 133.6630, 145.7642, 149.6142,
          153.8520, 147.2802]]], device='cuda:0')
Total Sum for i 27: tensor([[[146.9275, 153.8172, 146.1545, 141.9906, 153.5372, 151.3404, 148.3125,
          145.7370, 150.8835, 146.8152, 155.1686, 150.7537, 156.0591, 157.7115,
          148.4288, 159.9998, 149.8855, 147.4949, 145.0430, 155.2957, 144.7793,
          140.1242, 145.9046, 158.1061, 147.9799, 135.1517, 149.1571, 151.0962,
          151.9310, 144.4138]]], device='cuda:0')
Total Sum for i 28: tensor([[[149.3975, 147.4557, 147.5550, 141.8481, 155.2114, 154.3013, 150.1677,
          146.2332, 151.9871, 148.7792, 151.7841, 150.7601, 155.8601, 156.6580,
          150.9201, 158.7546, 148.5946, 146.8137, 144.8642, 155.2037, 144.1817,
          141.4523, 146.7172, 158.2700, 145.8639, 134.5083, 147.4228, 150.9976,
          155.0575, 142.3795]]], device='cuda:0')
Total Sum for i 29: tensor([[[150.8549, 149.1288, 149.6906, 143.0491, 152.2541, 151.4785, 150.3533,
          144.6955, 155.4947, 149.9473, 153.6909, 148.4399, 155.8487, 154.7460,
          141.9829, 157.4590, 146.4606, 150.4564, 146.2562, 155.4515, 144.6527,
          138.5233, 151.3259, 154.0740, 144.3463, 143.3714, 147.1258, 151.5847,
          153.4134, 143.8434]]], device='cuda:0')
